date,confirmed,deaths,recovered,active,new_confirmed,new_deaths,new_recovered
2020-02-28,1.0,0.0,0.0,1.0,,,
2020-03-01,3.0,0.0,0.0,3.0,2.0,0.0,0.0
2020-03-02,3.0,0.0,0.0,3.0,0.0,0.0,0.0
2020-03-03,3.0,0.0,0.0,3.0,0.0,0.0,0.0
2020-03-04,3.0,0.0,0.0,3.0,0.0,0.0,0.0
2020-03-05,6.0,0.0,0.0,6.0,3.0,0.0,0.0
2020-03-06,6.0,0.0,0.0,6.0,0.0,0.0,0.0
2020-03-07,9.0,0.0,0.0,9.0,3.0,0.0,0.0
2020-03-08,9.0,0.0,0.0,9.0,0.0,0.0,0.0
2020-03-09,9.0,0.0,0.0,9.0,0.0,0.0,0.0
2020-03-10,11.0,0.0,0.0,11.0,2.0,0.0,0.0
2020-03-11,11.0,0.0,3.0,8.0,0.0,0.0,3.0
2020-03-12,11.0,0.0,3.0,8.0,0.0,0.0,0.0
2020-03-13,15.0,1.0,3.0,11.0,4.0,1.0,0.0
2020-03-14,15.0,1.0,3.0,11.0,0.0,0.0,0.0
2020-03-15,23.0,1.0,6.0,16.0,8.0,0.0,3.0
2020-03-16,15.0,1.0,6.0,8.0,-8.0,0.0,0.0
2020-03-17,28.0,1.0,6.0,21.0,13.0,0.0,0.0
2020-03-18,28.0,1.0,6.0,21.0,0.0,0.0,0.0
2020-03-19,44.0,1.0,6.0,37.0,16.0,0.0,0.0
2020-03-20,44.0,1.0,6.0,37.0,0.0,0.0,0.0
2020-03-21,53.0,1.0,11.0,41.0,9.0,0.0,5.0
2020-03-22,65.0,1.0,11.0,53.0,12.0,0.0,0.0
2020-03-23,72.0,1.0,10.0,61.0,7.0,0.0,-1.0
2020-03-24,87.0,1.0,10.0,76.0,15.0,0.0,0.0
2020-03-25,93.0,2.0,10.0,81.0,6.0,1.0,0.0
2020-03-26,122.0,3.0,15.0,104.0,29.0,1.0,5.0
2020-03-27,165.0,3.0,15.0,147.0,43.0,0.0,0.0
2020-03-28,182.0,4.0,15.0,163.0,17.0,1.0,0.0
2020-03-29,209.0,4.0,15.0,190.0,27.0,0.0,0.0
2020-03-30,273.0,4.0,26.0,243.0,64.0,0.0,11.0
2020-03-31,298.0,5.0,26.0,267.0,25.0,1.0,0.0
2020-04-01,359.0,5.0,26.0,328.0,61.0,0.0,0.0
2020-04-02,400.0,5.0,26.0,369.0,41.0,0.0,0.0
2020-04-03,443.0,5.0,32.0,406.0,43.0,0.0,6.0
2020-04-04,521.0,5.0,32.0,484.0,78.0,0.0,0.0
2020-04-05,584.0,7.0,32.0,545.0,63.0,2.0,0.0
2020-04-06,641.0,7.0,44.0,590.0,57.0,0.0,12.0
2020-04-07,717.0,8.0,44.0,665.0,76.0,1.0,0.0
2020-04-08,822.0,8.0,63.0,751.0,105.0,0.0,19.0
2020-04-09,926.0,9.0,101.0,816.0,104.0,1.0,38.0
2020-04-10,991.0,10.0,159.0,822.0,65.0,1.0,58.0
2020-04-11,1058.0,11.0,200.0,847.0,67.0,1.0,41.0
2020-04-12,1098.0,11.0,250.0,837.0,40.0,0.0,50.0
2020-04-13,1148.0,12.0,289.0,847.0,50.0,1.0,39.0
2020-04-14,1197.0,13.0,351.0,833.0,49.0,1.0,62.0
2020-04-15,1253.0,13.0,404.0,836.0,56.0,0.0,53.0
2020-04-16,1283.0,15.0,460.0,808.0,30.0,2.0,56.0
2020-04-17,1340.0,15.0,528.0,797.0,57.0,0.0,68.0
2020-04-18,1373.0,18.0,590.0,765.0,33.0,3.0,62.0
2020-04-19,1398.0,19.0,712.0,667.0,25.0,1.0,122.0
2020-04-20,1436.0,19.0,791.0,626.0,38.0,0.0,79.0
2020-04-21,1480.0,20.0,865.0,595.0,44.0,1.0,74.0
2020-04-22,1518.0,20.0,907.0,591.0,38.0,0.0,42.0
2020-04-23,1548.0,20.0,948.0,580.0,30.0,0.0,41.0
2020-04-24,1592.0,21.0,1013.0,558.0,44.0,1.0,65.0
2020-04-25,1617.0,21.0,1080.0,516.0,25.0,0.0,67.0
2020-04-26,1645.0,21.0,1139.0,485.0,28.0,0.0,59.0
2020-04-27,1678.0,22.0,1162.0,494.0,33.0,1.0,23.0
2020-04-28,1717.0,22.0,1221.0,474.0,39.0,0.0,59.0
2020-04-29,1766.0,23.0,1267.0,476.0,49.0,1.0,46.0
2020-04-30,1804.0,24.0,1325.0,455.0,38.0,1.0,58.0
2020-05-01,1854.0,25.0,1365.0,464.0,50.0,1.0,40.0
2020-05-02,1894.0,25.0,1411.0,458.0,40.0,0.0,46.0
2020-05-03,1932.0,25.0,1441.0,466.0,38.0,0.0,30.0
2020-05-04,1984.0,26.0,1480.0,478.0,52.0,1.0,39.0
2020-05-05,2060.0,26.0,1508.0,526.0,76.0,0.0,28.0
2020-05-06,2127.0,28.0,1536.0,563.0,67.0,2.0,28.0
2020-05-07,2204.0,28.0,1551.0,625.0,77.0,0.0,15.0
2020-05-08,2279.0,28.0,1576.0,675.0,75.0,0.0,25.0
2020-05-09,2422.0,31.0,1620.0,771.0,143.0,3.0,44.0
2020-05-10,2519.0,32.0,1650.0,837.0,97.0,1.0,30.0
2020-05-11,2589.0,32.0,1680.0,877.0,70.0,0.0,30.0
2020-05-12,2693.0,33.0,1680.0,980.0,104.0,1.0,0.0
2020-05-13,2758.0,35.0,1789.0,934.0,65.0,2.0,109.0
2020-05-14,2879.0,35.0,1833.0,1011.0,121.0,0.0,44.0
2020-05-15,2980.0,36.0,1886.0,1058.0,101.0,1.0,53.0
2020-05-16,3138.0,36.0,1944.0,1158.0,158.0,0.0,58.0
2020-05-17,3274.0,39.0,2015.0,1220.0,136.0,3.0,71.0
2020-05-18,3387.0,40.0,2055.0,1292.0,113.0,1.0,40.0
2020-05-19,3518.0,41.0,2198.0,1279.0,131.0,1.0,143.0
2020-05-20,3631.0,43.0,2253.0,1335.0,113.0,2.0,55.0
2020-05-21,3749.0,44.0,2340.0,1365.0,118.0,1.0,87.0
2020-05-22,3855.0,46.0,2399.0,1410.0,106.0,2.0,59.0
2020-05-23,3982.0,49.0,2506.0,1427.0,127.0,3.0,107.0
2020-05-24,4122.0,49.0,2607.0,1466.0,140.0,0.0,101.0
2020-05-25,4271.0,51.0,2741.0,1479.0,149.0,2.0,134.0
2020-05-26,4403.0,52.0,2819.0,1532.0,132.0,1.0,78.0
2020-05-27,4568.0,54.0,2897.0,1617.0,165.0,2.0,78.0
2020-05-28,4759.0,56.0,3022.0,1681.0,191.0,2.0,125.0
2020-05-29,4989.0,58.0,3125.0,1806.0,230.0,2.0,103.0
2020-05-30,5246.0,61.0,3327.0,1858.0,257.0,3.0,202.0
2020-05-31,5494.0,63.0,3428.0,2003.0,248.0,2.0,101.0
2020-06-01,5662.0,68.0,3508.0,2086.0,168.0,5.0,80.0
2020-06-02,5935.0,71.0,3564.0,2300.0,273.0,3.0,56.0
2020-06-03,6260.0,76.0,3665.0,2519.0,325.0,5.0,101.0
2020-06-04,6522.0,78.0,3737.0,2707.0,262.0,2.0,72.0
2020-06-05,6860.0,82.0,3871.0,2907.0,338.0,4.0,134.0
2020-06-06,7239.0,84.0,4024.0,3131.0,379.0,2.0,153.0
2020-06-07,7553.0,88.0,4149.0,3316.0,314.0,4.0,125.0
2020-06-08,7876.0,93.0,4377.0,3406.0,323.0,5.0,228.0
