date,confirmed,deaths,recovered,active,new_confirmed,new_deaths,new_recovered
2020-03-20,1.0,0.0,0.0,1.0,,,
2020-03-21,3.0,0.0,0.0,3.0,2.0,0.0,0.0
2020-03-22,3.0,0.0,0.0,3.0,0.0,0.0,0.0
2020-03-23,3.0,0.0,0.0,3.0,0.0,0.0,0.0
2020-03-24,3.0,1.0,0.0,2.0,0.0,1.0,0.0
2020-03-25,4.0,1.0,0.0,3.0,1.0,0.0,0.0
2020-03-26,4.0,1.0,0.0,3.0,0.0,0.0,0.0
2020-03-27,5.0,1.0,0.0,4.0,1.0,0.0,0.0
2020-03-28,5.0,1.0,0.0,4.0,0.0,0.0,0.0
2020-03-29,6.0,1.0,0.0,5.0,1.0,0.0,0.0
2020-03-30,6.0,1.0,0.0,5.0,0.0,0.0,0.0
2020-03-31,6.0,1.0,0.0,5.0,0.0,0.0,0.0
2020-04-01,6.0,1.0,0.0,5.0,0.0,0.0,0.0
2020-04-02,6.0,1.0,0.0,5.0,0.0,0.0,0.0
2020-04-03,6.0,1.0,0.0,5.0,0.0,0.0,0.0
2020-04-04,7.0,1.0,0.0,6.0,1.0,0.0,0.0
2020-04-05,7.0,1.0,0.0,6.0,0.0,0.0,0.0
2020-04-06,7.0,1.0,1.0,5.0,0.0,0.0,1.0
2020-04-07,7.0,1.0,1.0,5.0,0.0,0.0,0.0
2020-04-08,7.0,1.0,1.0,5.0,0.0,0.0,0.0
2020-04-09,7.0,1.0,1.0,5.0,0.0,0.0,0.0
2020-04-10,7.0,1.0,1.0,5.0,0.0,0.0,0.0
2020-04-11,8.0,1.0,1.0,6.0,1.0,0.0,0.0
2020-04-12,8.0,1.0,1.0,6.0,0.0,0.0,0.0
2020-04-13,10.0,1.0,1.0,8.0,2.0,0.0,0.0
2020-04-14,11.0,1.0,1.0,9.0,1.0,0.0,0.0
2020-04-15,56.0,1.0,1.0,54.0,45.0,0.0,0.0
2020-04-16,56.0,1.0,1.0,54.0,0.0,0.0,0.0
2020-04-17,56.0,1.0,1.0,54.0,0.0,0.0,0.0
2020-04-18,58.0,1.0,1.0,56.0,2.0,0.0,0.0
2020-04-19,61.0,1.0,1.0,59.0,3.0,0.0,0.0
2020-04-20,67.0,1.0,1.0,65.0,6.0,0.0,0.0
2020-04-21,68.0,1.0,1.0,66.0,1.0,0.0,0.0
2020-04-22,73.0,1.0,1.0,71.0,5.0,0.0,0.0
2020-04-23,82.0,1.0,1.0,80.0,9.0,0.0,0.0
2020-04-24,88.0,1.0,1.0,86.0,6.0,0.0,0.0
2020-04-25,90.0,1.0,1.0,88.0,2.0,0.0,0.0
2020-04-26,106.0,1.0,1.0,104.0,16.0,0.0,0.0
2020-04-27,109.0,1.0,1.0,107.0,3.0,0.0,0.0
2020-04-28,114.0,1.0,2.0,111.0,5.0,0.0,1.0
2020-04-29,114.0,1.0,2.0,111.0,0.0,0.0,0.0
2020-04-30,121.0,1.0,4.0,116.0,7.0,0.0,2.0
2020-05-01,122.0,1.0,18.0,103.0,1.0,0.0,14.0
2020-05-02,152.0,2.0,18.0,132.0,30.0,1.0,0.0
2020-05-03,165.0,2.0,33.0,130.0,13.0,0.0,15.0
2020-05-04,175.0,2.0,37.0,136.0,10.0,0.0,4.0
2020-05-05,186.0,2.0,37.0,147.0,11.0,0.0,0.0
2020-05-06,191.0,2.0,38.0,151.0,5.0,0.0,1.0
2020-05-07,218.0,2.0,38.0,178.0,27.0,0.0,0.0
2020-05-08,230.0,2.0,44.0,184.0,12.0,0.0,6.0
2020-05-09,236.0,2.0,56.0,178.0,6.0,0.0,12.0
2020-05-10,246.0,2.0,56.0,188.0,10.0,0.0,0.0
2020-05-11,260.0,2.0,58.0,200.0,14.0,0.0,2.0
2020-05-12,267.0,2.0,58.0,207.0,7.0,0.0,0.0
2020-05-13,289.0,2.0,61.0,226.0,22.0,0.0,3.0
2020-05-14,315.0,2.0,67.0,246.0,26.0,0.0,6.0
2020-05-15,326.0,2.0,67.0,257.0,11.0,0.0,0.0
2020-05-16,328.0,3.0,84.0,241.0,2.0,1.0,17.0
2020-05-17,328.0,3.0,84.0,241.0,0.0,0.0,0.0
2020-05-18,328.0,3.0,85.0,240.0,0.0,0.0,1.0
2020-05-19,335.0,3.0,85.0,247.0,7.0,0.0,0.0
2020-05-20,349.0,3.0,85.0,261.0,14.0,0.0,0.0
2020-05-21,356.0,3.0,95.0,258.0,7.0,0.0,10.0
2020-05-22,362.0,3.0,95.0,264.0,6.0,0.0,0.0
2020-05-23,371.0,3.0,142.0,226.0,9.0,0.0,47.0
2020-05-24,380.0,3.0,155.0,222.0,9.0,0.0,13.0
2020-05-25,390.0,3.0,155.0,232.0,10.0,0.0,0.0
2020-05-26,390.0,4.0,155.0,231.0,0.0,1.0,0.0
2020-05-27,390.0,4.0,155.0,231.0,0.0,0.0,0.0
2020-05-28,390.0,4.0,155.0,231.0,0.0,0.0,0.0
2020-05-29,405.0,4.0,155.0,246.0,15.0,0.0,0.0
2020-05-30,421.0,4.0,167.0,250.0,16.0,0.0,12.0
2020-05-31,435.0,4.0,193.0,238.0,14.0,0.0,26.0
2020-06-01,458.0,4.0,193.0,261.0,23.0,0.0,0.0
2020-06-02,466.0,5.0,237.0,224.0,8.0,1.0,44.0
2020-06-03,477.0,5.0,238.0,234.0,11.0,0.0,1.0
2020-06-04,502.0,5.0,239.0,258.0,25.0,0.0,1.0
2020-06-05,536.0,5.0,239.0,292.0,34.0,0.0,0.0
