date,confirmed,deaths,recovered,active,new_confirmed,new_deaths,new_recovered
2020-03-14,1.0,0.0,0.0,1.0,,,
2020-03-15,1.0,0.0,0.0,1.0,0.0,0.0,0.0
2020-03-16,1.0,0.0,0.0,1.0,0.0,0.0,0.0
2020-03-17,1.0,0.0,0.0,1.0,0.0,0.0,0.0
2020-03-18,1.0,0.0,0.0,1.0,0.0,0.0,0.0
2020-03-19,1.0,0.0,0.0,1.0,0.0,0.0,0.0
2020-03-20,1.0,0.0,0.0,1.0,0.0,0.0,0.0
2020-03-21,1.0,0.0,0.0,1.0,0.0,0.0,0.0
2020-03-22,4.0,0.0,0.0,4.0,3.0,0.0,0.0
2020-03-23,4.0,0.0,0.0,4.0,0.0,0.0,0.0
2020-03-24,4.0,0.0,0.0,4.0,0.0,0.0,0.0
2020-03-25,4.0,0.0,0.0,4.0,0.0,0.0,0.0
2020-03-26,6.0,0.0,0.0,6.0,2.0,0.0,0.0
2020-03-27,9.0,0.0,0.0,9.0,3.0,0.0,0.0
2020-03-28,9.0,0.0,0.0,9.0,0.0,0.0,0.0
2020-03-29,9.0,0.0,0.0,9.0,0.0,0.0,0.0
2020-03-30,9.0,0.0,0.0,9.0,0.0,0.0,0.0
2020-03-31,9.0,0.0,0.0,9.0,0.0,0.0,0.0
2020-04-01,9.0,0.0,0.0,9.0,0.0,0.0,0.0
2020-04-02,9.0,0.0,0.0,9.0,0.0,0.0,0.0
2020-04-03,9.0,0.0,0.0,9.0,0.0,0.0,0.0
2020-04-04,9.0,0.0,0.0,9.0,0.0,0.0,0.0
2020-04-05,9.0,0.0,0.0,9.0,0.0,0.0,0.0
2020-04-06,10.0,0.0,4.0,6.0,1.0,0.0,4.0
2020-04-07,10.0,0.0,4.0,6.0,0.0,0.0,0.0
2020-04-08,12.0,0.0,7.0,5.0,2.0,0.0,3.0
2020-04-09,12.0,0.0,7.0,5.0,0.0,0.0,0.0
2020-04-10,12.0,0.0,7.0,5.0,0.0,0.0,0.0
2020-04-11,12.0,0.0,7.0,5.0,0.0,0.0,0.0
2020-04-12,14.0,0.0,7.0,7.0,2.0,0.0,0.0
2020-04-13,15.0,0.0,7.0,8.0,1.0,0.0,0.0
2020-04-14,15.0,0.0,8.0,7.0,0.0,0.0,1.0
2020-04-15,15.0,0.0,8.0,7.0,0.0,0.0,0.0
2020-04-16,16.0,1.0,8.0,7.0,1.0,1.0,0.0
2020-04-17,16.0,1.0,8.0,7.0,0.0,0.0,0.0
2020-04-18,22.0,1.0,8.0,13.0,6.0,0.0,0.0
2020-04-19,22.0,1.0,8.0,13.0,0.0,0.0,0.0
2020-04-20,24.0,1.0,8.0,15.0,2.0,0.0,0.0
2020-04-21,31.0,1.0,8.0,22.0,7.0,0.0,0.0
2020-04-22,31.0,1.0,8.0,22.0,0.0,0.0,0.0
2020-04-23,31.0,1.0,8.0,22.0,0.0,0.0,0.0
2020-04-24,36.0,1.0,10.0,25.0,5.0,0.0,2.0
2020-04-25,56.0,1.0,10.0,45.0,20.0,0.0,0.0
2020-04-26,59.0,1.0,10.0,48.0,3.0,0.0,0.0
2020-04-27,65.0,1.0,10.0,54.0,6.0,0.0,0.0
2020-04-28,71.0,1.0,10.0,60.0,6.0,0.0,0.0
2020-04-29,91.0,1.0,10.0,80.0,20.0,0.0,0.0
2020-04-30,100.0,1.0,12.0,87.0,9.0,0.0,2.0
2020-05-01,106.0,1.0,12.0,93.0,6.0,0.0,0.0
2020-05-02,108.0,1.0,12.0,95.0,2.0,0.0,0.0
2020-05-03,112.0,1.0,12.0,99.0,4.0,0.0,0.0
2020-05-04,116.0,1.0,12.0,103.0,4.0,0.0,0.0
2020-05-05,119.0,1.0,12.0,106.0,3.0,0.0,0.0
2020-05-06,123.0,2.0,12.0,109.0,4.0,1.0,0.0
2020-05-07,153.0,2.0,12.0,139.0,30.0,0.0,0.0
2020-05-08,159.0,2.0,12.0,145.0,6.0,0.0,0.0
2020-05-09,163.0,2.0,14.0,147.0,4.0,0.0,2.0
2020-05-10,172.0,2.0,27.0,143.0,9.0,0.0,13.0
2020-05-11,175.0,2.0,28.0,145.0,3.0,0.0,1.0
2020-05-12,184.0,2.0,28.0,154.0,9.0,0.0,0.0
2020-05-13,187.0,2.0,48.0,137.0,3.0,0.0,20.0
2020-05-14,187.0,2.0,51.0,134.0,0.0,0.0,3.0
2020-05-15,190.0,2.0,66.0,122.0,3.0,0.0,15.0
2020-05-16,202.0,2.0,72.0,128.0,12.0,0.0,6.0
2020-05-17,203.0,2.0,73.0,128.0,1.0,0.0,1.0
2020-05-18,205.0,2.0,78.0,125.0,2.0,0.0,5.0
2020-05-19,208.0,2.0,87.0,119.0,3.0,0.0,9.0
2020-05-20,217.0,2.0,97.0,118.0,9.0,0.0,10.0
2020-05-21,220.0,2.0,112.0,106.0,3.0,0.0,15.0
2020-05-22,225.0,2.0,119.0,104.0,5.0,0.0,7.0
2020-05-23,238.0,2.0,119.0,117.0,13.0,0.0,0.0
2020-05-24,250.0,2.0,156.0,92.0,12.0,0.0,37.0
2020-05-25,256.0,2.0,158.0,96.0,6.0,0.0,2.0
2020-05-26,261.0,2.0,164.0,95.0,5.0,0.0,6.0
2020-05-27,272.0,2.0,168.0,102.0,11.0,0.0,4.0
2020-05-28,279.0,2.0,168.0,109.0,7.0,0.0,0.0
2020-05-29,279.0,2.0,168.0,109.0,0.0,0.0,0.0
2020-05-30,283.0,2.0,168.0,113.0,4.0,0.0,0.0
2020-05-31,285.0,2.0,189.0,94.0,2.0,0.0,21.0
2020-06-01,293.0,3.0,194.0,96.0,8.0,1.0,5.0
2020-06-02,294.0,3.0,198.0,93.0,1.0,0.0,4.0
2020-06-03,295.0,3.0,201.0,91.0,1.0,0.0,3.0
2020-06-04,300.0,3.0,201.0,96.0,5.0,0.0,0.0
2020-06-05,305.0,3.0,221.0,81.0,5.0,0.0,20.0
