date,confirmed,deaths,recovered,active,new_confirmed,new_deaths,new_recovered
2020-02-21,1.0,0.0,0.0,1.0,,,
2020-02-22,1.0,0.0,0.0,1.0,0.0,0.0,0.0
2020-02-23,1.0,0.0,0.0,1.0,0.0,0.0,0.0
2020-02-24,1.0,0.0,0.0,1.0,0.0,0.0,0.0
2020-02-25,1.0,0.0,0.0,1.0,0.0,0.0,0.0
2020-02-26,2.0,0.0,0.0,2.0,1.0,0.0,0.0
2020-02-27,2.0,0.0,0.0,2.0,0.0,0.0,0.0
2020-02-28,2.0,0.0,0.0,2.0,0.0,0.0,0.0
2020-02-29,4.0,0.0,0.0,4.0,2.0,0.0,0.0
2020-03-01,10.0,0.0,0.0,10.0,6.0,0.0,0.0
2020-03-02,13.0,0.0,0.0,13.0,3.0,0.0,0.0
2020-03-03,13.0,0.0,0.0,13.0,0.0,0.0,0.0
2020-03-04,13.0,0.0,1.0,12.0,0.0,0.0,1.0
2020-03-05,16.0,0.0,1.0,15.0,3.0,0.0,0.0
2020-03-06,22.0,0.0,1.0,21.0,6.0,0.0,0.0
2020-03-07,22.0,0.0,1.0,21.0,0.0,0.0,0.0
2020-03-08,32.0,0.0,1.0,31.0,10.0,0.0,0.0
2020-03-09,32.0,0.0,1.0,31.0,0.0,0.0,0.0
2020-03-10,41.0,1.0,1.0,39.0,9.0,1.0,0.0
2020-03-11,61.0,3.0,1.0,57.0,20.0,2.0,0.0
2020-03-12,61.0,3.0,1.0,57.0,0.0,0.0,0.0
2020-03-13,77.0,3.0,1.0,73.0,16.0,0.0,0.0
2020-03-14,93.0,3.0,1.0,89.0,16.0,0.0,0.0
2020-03-15,110.0,3.0,1.0,106.0,17.0,0.0,0.0
2020-03-16,99.0,3.0,1.0,95.0,-11.0,0.0,0.0
2020-03-17,120.0,3.0,3.0,114.0,21.0,0.0,2.0
2020-03-18,133.0,3.0,3.0,127.0,13.0,0.0,0.0
2020-03-19,157.0,4.0,4.0,149.0,24.0,1.0,1.0
2020-03-20,163.0,4.0,4.0,155.0,6.0,0.0,0.0
2020-03-21,187.0,4.0,4.0,179.0,24.0,0.0,0.0
2020-03-22,248.0,4.0,8.0,236.0,61.0,0.0,4.0
2020-03-23,267.0,4.0,8.0,255.0,19.0,0.0,0.0
2020-03-24,318.0,4.0,8.0,306.0,51.0,0.0,0.0
2020-03-25,333.0,6.0,20.0,307.0,15.0,2.0,12.0
2020-03-26,368.0,6.0,23.0,339.0,35.0,0.0,3.0
2020-03-27,391.0,8.0,27.0,356.0,23.0,2.0,4.0
2020-03-28,412.0,8.0,30.0,374.0,21.0,0.0,3.0
2020-03-29,438.0,10.0,30.0,398.0,26.0,2.0,0.0
2020-03-30,446.0,11.0,35.0,400.0,8.0,1.0,5.0
2020-03-31,470.0,12.0,37.0,421.0,24.0,1.0,2.0
2020-04-01,479.0,14.0,43.0,422.0,9.0,2.0,6.0
2020-04-02,494.0,16.0,46.0,432.0,15.0,2.0,3.0
2020-04-03,508.0,17.0,50.0,441.0,14.0,1.0,4.0
2020-04-04,520.0,17.0,54.0,449.0,12.0,0.0,4.0
2020-04-05,527.0,18.0,54.0,455.0,7.0,1.0,0.0
2020-04-06,541.0,19.0,60.0,462.0,14.0,1.0,6.0
2020-04-07,548.0,19.0,62.0,467.0,7.0,0.0,2.0
2020-04-08,576.0,19.0,62.0,495.0,28.0,0.0,0.0
2020-04-09,582.0,19.0,67.0,496.0,6.0,0.0,5.0
2020-04-10,609.0,20.0,76.0,513.0,27.0,1.0,9.0
2020-04-11,619.0,20.0,77.0,522.0,10.0,0.0,1.0
2020-04-12,630.0,20.0,80.0,530.0,11.0,0.0,3.0
2020-04-13,632.0,20.0,80.0,532.0,2.0,0.0,0.0
2020-04-14,641.0,21.0,80.0,540.0,9.0,1.0,0.0
2020-04-15,658.0,21.0,85.0,552.0,17.0,0.0,5.0
2020-04-16,663.0,21.0,86.0,556.0,5.0,0.0,1.0
2020-04-17,668.0,21.0,86.0,561.0,5.0,0.0,0.0
2020-04-18,672.0,21.0,99.0,552.0,4.0,0.0,13.0
2020-04-19,673.0,21.0,102.0,550.0,1.0,0.0,3.0
2020-04-20,677.0,21.0,103.0,553.0,4.0,0.0,1.0
2020-04-21,677.0,21.0,108.0,548.0,0.0,0.0,5.0
2020-04-22,682.0,22.0,113.0,547.0,5.0,1.0,5.0
2020-04-23,688.0,22.0,140.0,526.0,6.0,0.0,27.0
2020-04-24,696.0,22.0,140.0,534.0,8.0,0.0,0.0
2020-04-25,704.0,24.0,143.0,537.0,8.0,2.0,3.0
2020-04-26,707.0,24.0,145.0,538.0,3.0,0.0,2.0
2020-04-27,710.0,24.0,145.0,541.0,3.0,0.0,0.0
2020-04-28,717.0,24.0,145.0,548.0,7.0,0.0,0.0
2020-04-29,721.0,24.0,150.0,547.0,4.0,0.0,5.0
2020-04-30,725.0,24.0,150.0,551.0,4.0,0.0,0.0
2020-05-01,729.0,24.0,192.0,513.0,4.0,0.0,42.0
2020-05-02,733.0,25.0,197.0,511.0,4.0,1.0,5.0
2020-05-03,737.0,25.0,200.0,512.0,4.0,0.0,3.0
2020-05-04,740.0,25.0,200.0,515.0,3.0,0.0,0.0
2020-05-05,741.0,25.0,206.0,510.0,1.0,0.0,6.0
2020-05-06,750.0,25.0,206.0,519.0,9.0,0.0,0.0
2020-05-07,784.0,25.0,220.0,539.0,34.0,0.0,14.0
2020-05-08,796.0,26.0,223.0,547.0,12.0,1.0,3.0
2020-05-09,809.0,26.0,234.0,549.0,13.0,0.0,11.0
2020-05-10,845.0,26.0,234.0,585.0,36.0,0.0,0.0
2020-05-11,859.0,26.0,234.0,599.0,14.0,0.0,0.0
2020-05-12,870.0,26.0,234.0,610.0,11.0,0.0,0.0
2020-05-13,878.0,26.0,236.0,616.0,8.0,0.0,2.0
2020-05-14,886.0,26.0,236.0,624.0,8.0,0.0,0.0
2020-05-15,891.0,26.0,246.0,619.0,5.0,0.0,10.0
2020-05-16,902.0,26.0,247.0,629.0,11.0,0.0,1.0
2020-05-17,911.0,26.0,247.0,638.0,9.0,0.0,0.0
2020-05-18,931.0,26.0,251.0,654.0,20.0,0.0,4.0
2020-05-19,954.0,26.0,251.0,677.0,23.0,0.0,0.0
2020-05-20,961.0,26.0,251.0,684.0,7.0,0.0,0.0
2020-05-21,1024.0,26.0,663.0,335.0,63.0,0.0,412.0
2020-05-22,1086.0,26.0,663.0,397.0,62.0,0.0,0.0
2020-05-23,1097.0,26.0,667.0,404.0,11.0,0.0,4.0
2020-05-24,1114.0,26.0,688.0,400.0,17.0,0.0,21.0
2020-05-25,1119.0,26.0,688.0,405.0,5.0,0.0,0.0
2020-05-26,1140.0,26.0,689.0,425.0,21.0,0.0,1.0
2020-05-27,1161.0,26.0,692.0,443.0,21.0,0.0,3.0
2020-05-28,1168.0,26.0,699.0,443.0,7.0,0.0,7.0
2020-05-29,1172.0,26.0,705.0,441.0,4.0,0.0,6.0
2020-05-30,1191.0,26.0,708.0,457.0,19.0,0.0,3.0
2020-05-31,1220.0,27.0,712.0,481.0,29.0,1.0,4.0
2020-06-01,1233.0,27.0,715.0,491.0,13.0,0.0,3.0
2020-06-02,1242.0,27.0,719.0,496.0,9.0,0.0,4.0
2020-06-03,1256.0,27.0,724.0,505.0,14.0,0.0,5.0
2020-06-04,1306.0,28.0,731.0,547.0,50.0,1.0,7.0
