date,confirmed,deaths,recovered,active,new_confirmed,new_deaths,new_recovered
2020-02-28,1.0,0.0,0.0,1.0,,,
2020-02-29,1.0,0.0,0.0,1.0,0.0,0.0,0.0
2020-03-01,1.0,0.0,0.0,1.0,0.0,0.0,0.0
2020-03-02,1.0,0.0,0.0,1.0,0.0,0.0,0.0
2020-03-03,1.0,0.0,0.0,1.0,0.0,0.0,0.0
2020-03-04,1.0,0.0,0.0,1.0,0.0,0.0,0.0
2020-03-05,1.0,0.0,0.0,1.0,0.0,0.0,0.0
2020-03-06,1.0,0.0,0.0,1.0,0.0,0.0,0.0
2020-03-07,1.0,0.0,0.0,1.0,0.0,0.0,0.0
2020-03-08,1.0,0.0,0.0,1.0,0.0,0.0,0.0
2020-03-09,1.0,0.0,0.0,1.0,0.0,0.0,0.0
2020-03-10,1.0,0.0,0.0,1.0,0.0,0.0,0.0
2020-03-11,3.0,0.0,0.0,3.0,2.0,0.0,0.0
2020-03-12,3.0,0.0,0.0,3.0,0.0,0.0,0.0
2020-03-13,6.0,0.0,0.0,6.0,3.0,0.0,0.0
2020-03-14,8.0,0.0,0.0,8.0,2.0,0.0,0.0
2020-03-15,12.0,0.0,1.0,11.0,4.0,0.0,1.0
2020-03-16,17.0,0.0,1.0,16.0,5.0,0.0,0.0
2020-03-17,25.0,0.0,1.0,24.0,8.0,0.0,0.0
2020-03-18,27.0,0.0,1.0,26.0,2.0,0.0,0.0
2020-03-19,36.0,0.0,1.0,35.0,9.0,0.0,0.0
2020-03-20,49.0,0.0,1.0,48.0,13.0,0.0,0.0
2020-03-21,83.0,1.0,1.0,81.0,34.0,1.0,0.0
2020-03-22,129.0,1.0,1.0,127.0,46.0,0.0,0.0
2020-03-23,179.0,1.0,1.0,177.0,50.0,0.0,0.0
2020-03-24,209.0,2.0,1.0,206.0,30.0,1.0,0.0
2020-03-25,274.0,4.0,1.0,269.0,65.0,2.0,0.0
2020-03-26,299.0,4.0,1.0,294.0,25.0,0.0,0.0
2020-03-27,358.0,5.0,1.0,352.0,59.0,1.0,0.0
2020-03-28,394.0,7.0,1.0,386.0,36.0,2.0,0.0
2020-03-29,460.0,7.0,1.0,452.0,66.0,0.0,0.0
2020-03-30,491.0,7.0,7.0,477.0,31.0,0.0,6.0
2020-03-31,537.0,8.0,7.0,522.0,46.0,1.0,0.0
2020-04-01,581.0,8.0,7.0,566.0,44.0,0.0,0.0
2020-04-02,649.0,9.0,7.0,633.0,68.0,1.0,0.0
2020-04-03,696.0,9.0,7.0,680.0,47.0,0.0,0.0
2020-04-04,771.0,11.0,7.0,753.0,75.0,2.0,0.0
2020-04-05,811.0,13.0,7.0,791.0,40.0,2.0,0.0
2020-04-06,843.0,15.0,8.0,820.0,32.0,2.0,1.0
2020-04-07,880.0,15.0,8.0,857.0,37.0,0.0,0.0
2020-04-08,912.0,15.0,8.0,889.0,32.0,0.0,0.0
2020-04-09,955.0,16.0,8.0,931.0,43.0,1.0,0.0
2020-04-10,999.0,22.0,54.0,923.0,44.0,6.0,46.0
2020-04-11,1026.0,23.0,54.0,949.0,27.0,1.0,0.0
2020-04-12,1053.0,23.0,97.0,933.0,27.0,0.0,43.0
2020-04-13,1062.0,24.0,101.0,937.0,9.0,1.0,4.0
2020-04-14,1070.0,29.0,101.0,940.0,8.0,5.0,0.0
2020-04-15,1091.0,30.0,138.0,923.0,21.0,1.0,37.0
2020-04-16,1128.0,32.0,178.0,918.0,37.0,2.0,40.0
2020-04-17,1149.0,33.0,210.0,906.0,21.0,1.0,32.0
2020-04-18,1239.0,33.0,228.0,978.0,90.0,0.0,18.0
2020-04-19,1298.0,35.0,242.0,1021.0,59.0,2.0,14.0
2020-04-20,1326.0,37.0,242.0,1047.0,28.0,2.0,0.0
2020-04-21,1350.0,38.0,298.0,1014.0,24.0,1.0,56.0
2020-04-22,1370.0,38.0,357.0,975.0,20.0,0.0,59.0
2020-04-23,1398.0,40.0,399.0,959.0,28.0,2.0,42.0
2020-04-24,1410.0,40.0,430.0,940.0,12.0,0.0,31.0
2020-04-25,1426.0,41.0,460.0,925.0,16.0,1.0,30.0
2020-04-26,1438.0,41.0,467.0,930.0,12.0,0.0,7.0
2020-04-27,1449.0,41.0,474.0,934.0,11.0,0.0,7.0
2020-04-28,1344.0,44.0,536.0,764.0,-105.0,3.0,62.0
2020-04-29,1375.0,45.0,563.0,767.0,31.0,1.0,27.0
2020-04-30,1385.0,45.0,589.0,751.0,10.0,0.0,26.0
2020-05-01,1399.0,45.0,594.0,760.0,14.0,0.0,5.0
2020-05-02,1406.0,46.0,632.0,728.0,7.0,1.0,38.0
2020-05-03,1410.0,46.0,635.0,729.0,4.0,0.0,3.0
2020-05-04,1419.0,46.0,638.0,735.0,9.0,0.0,3.0
2020-05-05,1423.0,46.0,678.0,699.0,4.0,0.0,40.0
2020-05-06,1428.0,48.0,718.0,662.0,5.0,2.0,40.0
2020-05-07,1433.0,49.0,739.0,645.0,5.0,1.0,21.0
2020-05-08,1436.0,49.0,765.0,622.0,3.0,0.0,26.0
2020-05-09,1444.0,49.0,828.0,567.0,8.0,0.0,63.0
2020-05-10,1479.0,50.0,828.0,601.0,35.0,1.0,0.0
2020-05-11,1485.0,50.0,833.0,602.0,6.0,0.0,5.0
2020-05-12,1491.0,50.0,850.0,591.0,6.0,0.0,17.0
2020-05-13,1505.0,54.0,908.0,543.0,14.0,4.0,58.0
2020-05-14,1511.0,54.0,934.0,523.0,6.0,0.0,26.0
2020-05-15,1523.0,54.0,965.0,504.0,12.0,0.0,31.0
2020-05-16,1534.0,55.0,988.0,491.0,11.0,1.0,23.0
2020-05-17,1541.0,56.0,997.0,488.0,7.0,1.0,9.0
2020-05-18,1547.0,59.0,997.0,491.0,6.0,3.0,0.0
2020-05-19,1562.0,60.0,1025.0,477.0,15.0,1.0,28.0
2020-05-20,1577.0,60.0,1049.0,468.0,15.0,0.0,24.0
2020-05-21,1593.0,61.0,1049.0,483.0,16.0,1.0,0.0
2020-05-22,1604.0,61.0,1111.0,432.0,11.0,0.0,62.0
2020-05-23,1616.0,63.0,1135.0,418.0,12.0,2.0,24.0
2020-05-24,1623.0,63.0,1138.0,422.0,7.0,0.0,3.0
2020-05-25,1635.0,63.0,1138.0,434.0,12.0,0.0,0.0
2020-05-26,1639.0,65.0,1165.0,409.0,4.0,2.0,27.0
2020-05-27,1647.0,66.0,1184.0,397.0,8.0,1.0,19.0
2020-05-28,1656.0,68.0,1193.0,395.0,9.0,2.0,9.0
2020-05-29,1662.0,68.0,1216.0,378.0,6.0,0.0,23.0
2020-05-30,1670.0,70.0,1229.0,371.0,8.0,2.0,13.0
2020-05-31,1675.0,70.0,1236.0,369.0,5.0,0.0,7.0
2020-06-01,1678.0,70.0,1236.0,372.0,3.0,0.0,0.0
2020-06-02,1682.0,71.0,1249.0,362.0,4.0,1.0,13.0
2020-06-03,1684.0,71.0,1260.0,353.0,2.0,0.0,11.0
2020-06-04,1687.0,71.0,1273.0,343.0,3.0,0.0,13.0
2020-06-05,1694.0,71.0,1302.0,321.0,7.0,0.0,29.0
2020-06-06,1705.0,71.0,1321.0,313.0,11.0,0.0,19.0
2020-06-07,1714.0,71.0,1328.0,315.0,9.0,0.0,7.0
2020-06-08,1720.0,71.0,1331.0,318.0,6.0,0.0,3.0
2020-06-09,1727.0,72.0,1338.0,317.0,7.0,1.0,7.0
