date,confirmed,deaths,recovered,active,new_confirmed,new_deaths,new_recovered
2020-03-14,1.0,0.0,0.0,1.0,,,
2020-03-15,1.0,0.0,0.0,1.0,0.0,0.0,0.0
2020-03-16,1.0,0.0,0.0,1.0,0.0,0.0,0.0
2020-03-17,1.0,0.0,0.0,1.0,0.0,0.0,0.0
2020-03-18,1.0,0.0,0.0,1.0,0.0,0.0,0.0
2020-03-19,2.0,0.0,0.0,2.0,1.0,0.0,0.0
2020-03-20,2.0,0.0,0.0,2.0,0.0,0.0,0.0
2020-03-21,2.0,0.0,0.0,2.0,0.0,0.0,0.0
2020-03-22,2.0,0.0,0.0,2.0,0.0,0.0,0.0
2020-03-23,2.0,0.0,0.0,2.0,0.0,0.0,0.0
2020-03-24,2.0,0.0,0.0,2.0,0.0,0.0,0.0
2020-03-25,2.0,0.0,0.0,2.0,0.0,0.0,0.0
2020-03-26,3.0,0.0,0.0,3.0,1.0,0.0,0.0
2020-03-27,3.0,0.0,0.0,3.0,0.0,0.0,0.0
2020-03-28,5.0,0.0,0.0,5.0,2.0,0.0,0.0
2020-03-29,5.0,0.0,2.0,3.0,0.0,0.0,2.0
2020-03-30,5.0,1.0,2.0,2.0,0.0,1.0,0.0
2020-03-31,6.0,1.0,2.0,3.0,1.0,0.0,0.0
2020-04-01,6.0,1.0,2.0,3.0,0.0,0.0,0.0
2020-04-02,6.0,1.0,2.0,3.0,0.0,0.0,0.0
2020-04-03,6.0,1.0,2.0,3.0,0.0,0.0,0.0
2020-04-04,6.0,1.0,2.0,3.0,0.0,0.0,0.0
2020-04-05,6.0,1.0,2.0,3.0,0.0,0.0,0.0
2020-04-06,6.0,1.0,2.0,3.0,0.0,0.0,0.0
2020-04-07,6.0,1.0,2.0,3.0,0.0,0.0,0.0
2020-04-08,6.0,1.0,2.0,3.0,0.0,0.0,0.0
2020-04-09,7.0,1.0,2.0,4.0,1.0,0.0,0.0
2020-04-10,7.0,1.0,2.0,4.0,0.0,0.0,0.0
2020-04-11,7.0,1.0,2.0,4.0,0.0,0.0,0.0
2020-04-12,7.0,1.0,2.0,4.0,0.0,0.0,0.0
2020-04-13,7.0,1.0,2.0,4.0,0.0,0.0,0.0
2020-04-14,7.0,1.0,2.0,4.0,0.0,0.0,0.0
2020-04-15,7.0,1.0,2.0,4.0,0.0,0.0,0.0
2020-04-16,7.0,1.0,2.0,4.0,0.0,0.0,0.0
2020-04-17,7.0,1.0,2.0,4.0,0.0,0.0,0.0
2020-04-18,7.0,1.0,2.0,4.0,0.0,0.0,0.0
2020-04-19,7.0,1.0,6.0,0.0,0.0,0.0,4.0
2020-04-20,7.0,1.0,6.0,0.0,0.0,0.0,0.0
2020-04-21,7.0,1.0,6.0,0.0,0.0,0.0,0.0
2020-04-22,7.0,1.0,6.0,0.0,0.0,0.0,0.0
2020-04-23,7.0,1.0,6.0,0.0,0.0,0.0,0.0
2020-04-24,7.0,1.0,6.0,0.0,0.0,0.0,0.0
2020-04-25,7.0,1.0,6.0,0.0,0.0,0.0,0.0
2020-04-26,7.0,1.0,6.0,0.0,0.0,0.0,0.0
2020-04-27,7.0,1.0,6.0,0.0,0.0,0.0,0.0
2020-04-28,7.0,1.0,6.0,0.0,0.0,0.0,0.0
2020-04-29,8.0,1.0,6.0,1.0,1.0,0.0,0.0
2020-04-30,8.0,1.0,6.0,1.0,0.0,0.0,0.0
2020-05-01,8.0,1.0,6.0,1.0,0.0,0.0,0.0
2020-05-02,8.0,1.0,6.0,1.0,0.0,0.0,0.0
2020-05-03,8.0,1.0,6.0,1.0,0.0,0.0,0.0
2020-05-04,8.0,1.0,6.0,1.0,0.0,0.0,0.0
2020-05-05,8.0,1.0,6.0,1.0,0.0,0.0,0.0
2020-05-06,8.0,1.0,6.0,1.0,0.0,0.0,0.0
2020-05-07,8.0,1.0,6.0,1.0,0.0,0.0,0.0
2020-05-08,8.0,1.0,6.0,1.0,0.0,0.0,0.0
2020-05-09,8.0,1.0,6.0,1.0,0.0,0.0,0.0
2020-05-10,8.0,1.0,6.0,1.0,0.0,0.0,0.0
2020-05-11,8.0,1.0,6.0,1.0,0.0,0.0,0.0
2020-05-12,9.0,1.0,6.0,2.0,1.0,0.0,0.0
2020-05-13,15.0,2.0,6.0,7.0,6.0,1.0,0.0
2020-05-14,20.0,2.0,7.0,11.0,5.0,0.0,1.0
2020-05-15,29.0,3.0,7.0,19.0,9.0,1.0,0.0
2020-05-16,40.0,4.0,7.0,29.0,11.0,1.0,0.0
2020-05-17,62.0,4.0,7.0,51.0,22.0,0.0,0.0
2020-05-18,81.0,4.0,7.0,70.0,19.0,0.0,0.0
2020-05-19,131.0,4.0,7.0,120.0,50.0,0.0,0.0
2020-05-20,141.0,4.0,7.0,130.0,10.0,0.0,0.0
2020-05-21,173.0,5.0,7.0,161.0,32.0,1.0,0.0
2020-05-22,200.0,6.0,7.0,187.0,27.0,1.0,0.0
2020-05-23,227.0,6.0,7.0,214.0,27.0,0.0,0.0
2020-05-24,237.0,6.0,15.0,216.0,10.0,0.0,8.0
2020-05-25,262.0,9.0,15.0,238.0,25.0,3.0,0.0
2020-05-26,268.0,13.0,15.0,240.0,6.0,4.0,0.0
2020-05-27,292.0,16.0,15.0,261.0,24.0,3.0,0.0
2020-05-28,346.0,19.0,15.0,312.0,54.0,3.0,0.0
2020-05-29,423.0,20.0,21.0,382.0,77.0,1.0,6.0
2020-05-30,483.0,20.0,21.0,442.0,60.0,0.0,0.0
2020-05-31,530.0,23.0,27.0,480.0,47.0,3.0,6.0
2020-06-01,588.0,23.0,27.0,538.0,58.0,0.0,0.0
2020-06-02,668.0,31.0,55.0,582.0,80.0,8.0,28.0
2020-06-03,745.0,34.0,57.0,654.0,77.0,3.0,2.0
2020-06-04,784.0,39.0,65.0,680.0,39.0,5.0,8.0
2020-06-05,883.0,43.0,69.0,771.0,99.0,4.0,4.0
2020-06-06,947.0,49.0,104.0,794.0,64.0,6.0,35.0
