date,confirmed,deaths,recovered,active,new_confirmed,new_deaths,new_recovered
2020-03-10,1.0,0.0,0.0,1.0,,,
2020-03-11,1.0,0.0,0.0,1.0,0.0,0.0,0.0
2020-03-12,1.0,0.0,0.0,1.0,0.0,0.0,0.0
2020-03-13,1.0,0.0,0.0,1.0,0.0,0.0,0.0
2020-03-14,1.0,0.0,0.0,1.0,0.0,0.0,0.0
2020-03-15,1.0,0.0,0.0,1.0,0.0,0.0,0.0
2020-03-16,1.0,0.0,0.0,1.0,0.0,0.0,0.0
2020-03-17,5.0,0.0,0.0,5.0,4.0,0.0,0.0
2020-03-18,6.0,0.0,0.0,6.0,1.0,0.0,0.0
2020-03-19,6.0,0.0,0.0,6.0,0.0,0.0,0.0
2020-03-20,6.0,0.0,0.0,6.0,0.0,0.0,0.0
2020-03-21,10.0,0.0,0.0,10.0,4.0,0.0,0.0
2020-03-22,10.0,0.0,0.0,10.0,0.0,0.0,0.0
2020-03-23,10.0,0.0,0.0,10.0,0.0,0.0,0.0
2020-03-24,10.0,0.0,0.0,10.0,0.0,0.0,0.0
2020-03-25,10.0,0.0,0.0,10.0,0.0,0.0,0.0
2020-03-26,11.0,0.0,0.0,11.0,1.0,0.0,0.0
2020-03-27,11.0,0.0,0.0,11.0,0.0,0.0,0.0
2020-03-28,12.0,0.0,0.0,12.0,1.0,0.0,0.0
2020-03-29,12.0,0.0,0.0,12.0,0.0,0.0,0.0
2020-03-30,12.0,0.0,2.0,10.0,0.0,0.0,2.0
2020-03-31,12.0,0.0,2.0,10.0,0.0,0.0,0.0
2020-04-01,14.0,0.0,2.0,12.0,2.0,0.0,0.0
2020-04-02,14.0,0.0,2.0,12.0,0.0,0.0,0.0
2020-04-03,14.0,0.0,2.0,12.0,0.0,0.0,0.0
2020-04-04,14.0,0.0,2.0,12.0,0.0,0.0,0.0
2020-04-05,14.0,0.0,2.0,12.0,0.0,0.0,0.0
2020-04-06,15.0,0.0,2.0,13.0,1.0,0.0,0.0
2020-04-07,15.0,0.0,4.0,11.0,0.0,0.0,2.0
2020-04-08,16.0,0.0,4.0,12.0,1.0,0.0,0.0
2020-04-09,16.0,0.0,4.0,12.0,0.0,0.0,0.0
2020-04-10,16.0,0.0,4.0,12.0,0.0,0.0,0.0
2020-04-11,16.0,0.0,4.0,12.0,0.0,0.0,0.0
2020-04-12,16.0,0.0,4.0,12.0,0.0,0.0,0.0
2020-04-13,17.0,0.0,4.0,13.0,1.0,0.0,0.0
2020-04-14,30.0,0.0,5.0,25.0,13.0,0.0,1.0
2020-04-15,30.0,0.0,5.0,25.0,0.0,0.0,0.0
2020-04-16,31.0,0.0,5.0,26.0,1.0,0.0,0.0
2020-04-17,31.0,0.0,5.0,26.0,0.0,0.0,0.0
2020-04-18,31.0,0.0,5.0,26.0,0.0,0.0,0.0
2020-04-19,32.0,0.0,7.0,25.0,1.0,0.0,2.0
2020-04-20,33.0,0.0,7.0,26.0,1.0,0.0,0.0
2020-04-21,34.0,0.0,8.0,26.0,1.0,0.0,1.0
2020-04-22,35.0,0.0,8.0,27.0,1.0,0.0,0.0
2020-04-23,36.0,0.0,9.0,27.0,1.0,0.0,1.0
2020-04-24,37.0,0.0,9.0,28.0,1.0,0.0,0.0
2020-04-25,37.0,0.0,9.0,28.0,0.0,0.0,0.0
2020-04-26,38.0,0.0,9.0,29.0,1.0,0.0,0.0
2020-04-27,38.0,0.0,10.0,28.0,0.0,0.0,1.0
2020-04-28,38.0,0.0,10.0,28.0,0.0,0.0,0.0
2020-04-29,38.0,0.0,10.0,28.0,0.0,0.0,0.0
2020-04-30,38.0,0.0,10.0,28.0,0.0,0.0,0.0
2020-05-01,38.0,0.0,10.0,28.0,0.0,0.0,0.0
2020-05-02,39.0,0.0,10.0,29.0,1.0,0.0,0.0
2020-05-03,39.0,0.0,10.0,29.0,0.0,0.0,0.0
2020-05-04,40.0,0.0,12.0,28.0,1.0,0.0,2.0
2020-05-05,41.0,0.0,13.0,28.0,1.0,0.0,1.0
2020-05-06,41.0,0.0,13.0,28.0,0.0,0.0,0.0
2020-05-07,41.0,0.0,13.0,28.0,0.0,0.0,0.0
2020-05-08,42.0,0.0,13.0,29.0,1.0,0.0,0.0
2020-05-09,42.0,0.0,14.0,28.0,0.0,0.0,1.0
2020-05-10,42.0,0.0,14.0,28.0,0.0,0.0,0.0
2020-05-11,42.0,0.0,14.0,28.0,0.0,0.0,0.0
2020-05-12,42.0,0.0,15.0,27.0,0.0,0.0,1.0
2020-05-13,42.0,0.0,15.0,27.0,0.0,0.0,0.0
2020-05-14,98.0,0.0,15.0,83.0,56.0,0.0,0.0
