date,confirmed,deaths,recovered,active,new_confirmed,new_deaths,new_recovered
2020-03-13,1.0,1.0,0.0,0.0,,,
2020-03-14,1.0,1.0,0.0,0.0,0.0,0.0,0.0
2020-03-15,1.0,1.0,0.0,0.0,0.0,0.0,0.0
2020-03-16,1.0,1.0,0.0,0.0,0.0,0.0,0.0
2020-03-17,1.0,1.0,0.0,0.0,0.0,0.0,0.0
2020-03-18,2.0,1.0,0.0,1.0,1.0,0.0,0.0
2020-03-19,2.0,1.0,0.0,1.0,0.0,0.0,0.0
2020-03-20,2.0,1.0,0.0,1.0,0.0,0.0,0.0
2020-03-21,2.0,1.0,0.0,1.0,0.0,0.0,0.0
2020-03-22,2.0,1.0,0.0,1.0,0.0,0.0,0.0
2020-03-23,2.0,1.0,0.0,1.0,0.0,0.0,0.0
2020-03-24,3.0,1.0,0.0,2.0,1.0,0.0,0.0
2020-03-25,3.0,1.0,0.0,2.0,0.0,0.0,0.0
2020-03-26,3.0,1.0,0.0,2.0,0.0,0.0,0.0
2020-03-27,3.0,1.0,0.0,2.0,0.0,0.0,0.0
2020-03-28,5.0,1.0,0.0,4.0,2.0,0.0,0.0
2020-03-29,6.0,1.0,0.0,5.0,1.0,0.0,0.0
2020-03-30,6.0,2.0,0.0,4.0,0.0,1.0,0.0
2020-03-31,7.0,2.0,1.0,4.0,1.0,0.0,1.0
2020-04-01,7.0,2.0,2.0,3.0,0.0,0.0,1.0
2020-04-02,8.0,2.0,2.0,4.0,1.0,0.0,0.0
2020-04-03,10.0,2.0,2.0,6.0,2.0,0.0,0.0
2020-04-04,10.0,2.0,2.0,6.0,0.0,0.0,0.0
2020-04-05,12.0,2.0,2.0,8.0,2.0,0.0,0.0
2020-04-06,12.0,2.0,2.0,8.0,0.0,0.0,0.0
2020-04-07,14.0,2.0,2.0,10.0,2.0,0.0,0.0
2020-04-08,14.0,2.0,2.0,10.0,0.0,0.0,0.0
2020-04-09,15.0,2.0,2.0,11.0,1.0,0.0,0.0
2020-04-10,17.0,2.0,2.0,13.0,2.0,0.0,0.0
2020-04-11,19.0,2.0,2.0,15.0,2.0,0.0,0.0
2020-04-12,19.0,2.0,2.0,15.0,0.0,0.0,0.0
2020-04-13,29.0,4.0,4.0,21.0,10.0,2.0,2.0
2020-04-14,32.0,5.0,4.0,23.0,3.0,1.0,0.0
2020-04-15,32.0,5.0,4.0,23.0,0.0,0.0,0.0
2020-04-16,32.0,5.0,4.0,23.0,0.0,0.0,0.0
2020-04-17,33.0,6.0,4.0,23.0,1.0,1.0,0.0
2020-04-18,66.0,10.0,6.0,50.0,33.0,4.0,2.0
2020-04-19,66.0,10.0,6.0,50.0,0.0,0.0,0.0
2020-04-20,107.0,12.0,8.0,87.0,41.0,2.0,2.0
2020-04-21,107.0,12.0,8.0,87.0,0.0,0.0,0.0
2020-04-22,140.0,13.0,12.0,115.0,33.0,1.0,4.0
2020-04-23,174.0,16.0,14.0,144.0,34.0,3.0,2.0
2020-04-24,174.0,16.0,14.0,144.0,0.0,0.0,0.0
2020-04-25,213.0,17.0,19.0,177.0,39.0,1.0,5.0
2020-04-26,237.0,21.0,20.0,196.0,24.0,4.0,1.0
2020-04-27,275.0,22.0,21.0,232.0,38.0,1.0,1.0
2020-04-28,318.0,25.0,31.0,262.0,43.0,3.0,10.0
2020-04-29,375.0,28.0,32.0,315.0,57.0,3.0,1.0
2020-04-30,442.0,31.0,39.0,372.0,67.0,3.0,7.0
2020-05-01,533.0,36.0,46.0,451.0,91.0,5.0,7.0
2020-05-02,592.0,41.0,52.0,499.0,59.0,5.0,6.0
2020-05-03,592.0,41.0,52.0,499.0,0.0,0.0,0.0
2020-05-04,678.0,41.0,61.0,576.0,86.0,0.0,9.0
2020-05-05,778.0,45.0,70.0,663.0,100.0,4.0,9.0
2020-05-06,852.0,49.0,80.0,723.0,74.0,4.0,10.0
2020-05-07,930.0,52.0,92.0,786.0,78.0,3.0,12.0
2020-05-08,1111.0,59.0,102.0,950.0,181.0,7.0,10.0
2020-05-09,1164.0,64.0,119.0,981.0,53.0,5.0,17.0
2020-05-10,1365.0,70.0,149.0,1146.0,201.0,6.0,30.0
2020-05-11,1526.0,74.0,162.0,1290.0,161.0,4.0,13.0
2020-05-12,1661.0,80.0,173.0,1408.0,135.0,6.0,11.0
2020-05-13,1818.0,90.0,198.0,1530.0,157.0,10.0,25.0
2020-05-14,1818.0,90.0,198.0,1530.0,0.0,0.0,0.0
2020-05-15,1964.0,91.0,205.0,1668.0,146.0,1.0,7.0
2020-05-16,2289.0,97.0,222.0,1970.0,325.0,6.0,17.0
2020-05-17,2289.0,97.0,222.0,1970.0,0.0,0.0,0.0
2020-05-18,2591.0,105.0,247.0,2239.0,302.0,8.0,25.0
2020-05-19,2728.0,111.0,286.0,2331.0,137.0,6.0,39.0
2020-05-20,2728.0,111.0,286.0,2331.0,0.0,0.0,0.0
2020-05-21,3138.0,121.0,309.0,2708.0,410.0,10.0,23.0
2020-05-22,3378.0,137.0,372.0,2869.0,240.0,16.0,63.0
2020-05-23,3628.0,146.0,424.0,3058.0,250.0,9.0,52.0
2020-05-24,3820.0,165.0,458.0,3197.0,192.0,19.0,34.0
2020-05-25,3976.0,170.0,503.0,3303.0,156.0,5.0,45.0
2020-05-26,3976.0,170.0,503.0,3303.0,0.0,0.0,0.0
2020-05-27,4346.0,195.0,749.0,3402.0,370.0,25.0,246.0
2020-05-28,4346.0,195.0,749.0,3402.0,0.0,0.0,0.0
2020-05-29,4521.0,233.0,816.0,3472.0,175.0,38.0,67.0
2020-05-30,4800.0,262.0,1272.0,3266.0,279.0,29.0,456.0
