date,confirmed,deaths,recovered,active,new_confirmed,new_deaths,new_recovered
2020-03-22,1.0,0.0,0.0,1.0,,,
2020-03-23,1.0,0.0,0.0,1.0,0.0,0.0,0.0
2020-03-24,1.0,0.0,0.0,1.0,0.0,0.0,0.0
2020-03-25,5.0,0.0,0.0,5.0,4.0,0.0,0.0
2020-03-26,5.0,0.0,0.0,5.0,0.0,0.0,0.0
2020-03-27,5.0,0.0,0.0,5.0,0.0,0.0,0.0
2020-03-28,5.0,0.0,0.0,5.0,0.0,0.0,0.0
2020-03-29,9.0,1.0,0.0,8.0,4.0,1.0,0.0
2020-03-30,10.0,2.0,0.0,8.0,1.0,1.0,0.0
2020-03-31,10.0,2.0,0.0,8.0,0.0,0.0,0.0
2020-04-01,10.0,2.0,0.0,8.0,0.0,0.0,0.0
2020-04-02,16.0,2.0,0.0,14.0,6.0,0.0,0.0
2020-04-03,16.0,2.0,0.0,14.0,0.0,0.0,0.0
2020-04-04,16.0,2.0,2.0,12.0,0.0,0.0,2.0
2020-04-05,19.0,2.0,2.0,15.0,3.0,0.0,0.0
2020-04-06,19.0,2.0,2.0,15.0,0.0,0.0,0.0
2020-04-07,19.0,2.0,3.0,14.0,0.0,0.0,1.0
2020-04-08,19.0,2.0,4.0,13.0,0.0,0.0,1.0
2020-04-09,19.0,2.0,4.0,13.0,0.0,0.0,0.0
2020-04-10,19.0,2.0,4.0,13.0,0.0,0.0,0.0
2020-04-11,25.0,2.0,5.0,18.0,6.0,0.0,1.0
2020-04-12,25.0,2.0,5.0,18.0,0.0,0.0,0.0
2020-04-13,25.0,2.0,5.0,18.0,0.0,0.0,0.0
2020-04-14,29.0,2.0,5.0,22.0,4.0,0.0,0.0
2020-04-15,33.0,2.0,5.0,26.0,4.0,0.0,0.0
2020-04-16,33.0,2.0,5.0,26.0,0.0,0.0,0.0
2020-04-17,38.0,2.0,5.0,31.0,5.0,0.0,0.0
2020-04-18,38.0,2.0,5.0,31.0,0.0,0.0,0.0
2020-04-19,39.0,3.0,5.0,31.0,1.0,1.0,0.0
2020-04-20,39.0,3.0,5.0,31.0,0.0,0.0,0.0
2020-04-21,42.0,3.0,6.0,33.0,3.0,0.0,1.0
2020-04-22,42.0,3.0,6.0,33.0,0.0,0.0,0.0
2020-04-23,42.0,3.0,6.0,33.0,0.0,0.0,0.0
2020-04-24,42.0,3.0,6.0,33.0,0.0,0.0,0.0
2020-04-25,42.0,3.0,11.0,28.0,0.0,0.0,5.0
2020-04-26,43.0,3.0,14.0,26.0,1.0,0.0,3.0
2020-04-27,43.0,3.0,19.0,21.0,0.0,0.0,5.0
2020-04-28,43.0,3.0,21.0,19.0,0.0,0.0,2.0
2020-04-29,43.0,3.0,21.0,19.0,0.0,0.0,0.0
2020-04-30,43.0,3.0,21.0,19.0,0.0,0.0,0.0
2020-05-01,44.0,3.0,27.0,14.0,1.0,0.0,6.0
2020-05-02,44.0,3.0,27.0,14.0,0.0,0.0,0.0
2020-05-03,44.0,3.0,27.0,14.0,0.0,0.0,0.0
2020-05-04,44.0,3.0,27.0,14.0,0.0,0.0,0.0
2020-05-05,44.0,3.0,27.0,14.0,0.0,0.0,0.0
2020-05-06,45.0,3.0,27.0,15.0,1.0,0.0,0.0
2020-05-07,45.0,3.0,27.0,15.0,0.0,0.0,0.0
2020-05-08,47.0,3.0,29.0,15.0,2.0,0.0,2.0
2020-05-09,47.0,3.0,29.0,15.0,0.0,0.0,0.0
2020-05-10,47.0,3.0,29.0,15.0,0.0,0.0,0.0
2020-05-11,47.0,3.0,29.0,15.0,0.0,0.0,0.0
2020-05-12,47.0,3.0,29.0,15.0,0.0,0.0,0.0
2020-05-13,48.0,3.0,29.0,16.0,1.0,0.0,0.0
2020-05-14,48.0,3.0,29.0,16.0,0.0,0.0,0.0
2020-05-15,50.0,3.0,36.0,11.0,2.0,0.0,7.0
2020-05-16,51.0,3.0,36.0,12.0,1.0,0.0,0.0
2020-05-17,58.0,3.0,36.0,19.0,7.0,0.0,0.0
2020-05-18,58.0,3.0,36.0,19.0,0.0,0.0,0.0
2020-05-19,58.0,3.0,36.0,19.0,0.0,0.0,0.0
2020-05-20,58.0,3.0,36.0,19.0,0.0,0.0,0.0
2020-05-21,58.0,3.0,36.0,19.0,0.0,0.0,0.0
2020-05-22,59.0,4.0,37.0,18.0,1.0,1.0,1.0
2020-05-23,70.0,4.0,37.0,29.0,11.0,0.0,0.0
2020-05-24,86.0,4.0,41.0,41.0,16.0,0.0,4.0
2020-05-25,106.0,4.0,41.0,61.0,20.0,0.0,0.0
2020-05-26,121.0,4.0,41.0,76.0,15.0,0.0,0.0
2020-05-27,121.0,4.0,43.0,74.0,0.0,0.0,2.0
2020-05-28,122.0,4.0,43.0,75.0,1.0,0.0,0.0
2020-05-29,122.0,4.0,43.0,75.0,0.0,0.0,0.0
2020-05-30,122.0,4.0,43.0,75.0,0.0,0.0,0.0
2020-05-31,122.0,5.0,46.0,71.0,0.0,1.0,3.0
