date,confirmed,deaths,recovered,active,new_confirmed,new_deaths,new_recovered
2020-01-22,1.0,0.0,0.0,0.0,,,
2020-01-23,1.0,0.0,0.0,0.0,0.0,0.0,0.0
2020-01-24,2.0,0.0,0.0,0.0,1.0,0.0,0.0
2020-01-25,2.0,0.0,0.0,0.0,0.0,0.0,0.0
2020-01-26,5.0,0.0,0.0,0.0,3.0,0.0,0.0
2020-01-27,5.0,0.0,0.0,0.0,0.0,0.0,0.0
2020-01-28,5.0,0.0,0.0,0.0,0.0,0.0,0.0
2020-01-29,5.0,0.0,0.0,0.0,0.0,0.0,0.0
2020-01-30,5.0,0.0,0.0,0.0,0.0,0.0,0.0
2020-01-31,6.0,0.0,0.0,0.0,1.0,0.0,0.0
2020-02-01,8.0,0.0,0.0,8.0,2.0,0.0,0.0
2020-02-02,8.0,0.0,0.0,8.0,0.0,0.0,0.0
2020-02-03,11.0,0.0,0.0,11.0,3.0,0.0,0.0
2020-02-04,11.0,0.0,0.0,11.0,0.0,0.0,0.0
2020-02-05,12.0,0.0,0.0,12.0,1.0,0.0,0.0
2020-02-06,12.0,0.0,0.0,12.0,0.0,0.0,0.0
2020-02-07,12.0,0.0,0.0,12.0,0.0,0.0,0.0
2020-02-08,12.0,0.0,0.0,12.0,0.0,0.0,0.0
2020-02-09,12.0,0.0,3.0,9.0,0.0,0.0,3.0
2020-02-10,12.0,0.0,3.0,9.0,0.0,0.0,0.0
2020-02-11,13.0,0.0,3.0,10.0,1.0,0.0,0.0
2020-02-12,13.0,0.0,3.0,10.0,0.0,0.0,0.0
2020-02-13,15.0,0.0,3.0,12.0,2.0,0.0,0.0
2020-02-14,15.0,0.0,3.0,12.0,0.0,0.0,0.0
2020-02-15,15.0,0.0,3.0,12.0,0.0,0.0,0.0
2020-02-16,15.0,0.0,3.0,12.0,0.0,0.0,0.0
2020-02-17,15.0,0.0,3.0,12.0,0.0,0.0,0.0
2020-02-18,15.0,0.0,3.0,12.0,0.0,0.0,0.0
2020-02-19,15.0,0.0,3.0,12.0,0.0,0.0,0.0
2020-02-20,15.0,0.0,3.0,12.0,0.0,0.0,0.0
2020-02-21,35.0,0.0,5.0,30.0,20.0,0.0,2.0
2020-02-22,35.0,0.0,5.0,30.0,0.0,0.0,0.0
2020-02-23,35.0,0.0,5.0,30.0,0.0,0.0,0.0
2020-02-24,53.0,0.0,5.0,48.0,18.0,0.0,0.0
2020-02-25,53.0,0.0,6.0,47.0,0.0,0.0,1.0
2020-02-26,59.0,0.0,6.0,53.0,6.0,0.0,0.0
2020-02-27,60.0,0.0,6.0,54.0,1.0,0.0,0.0
2020-02-28,62.0,0.0,7.0,55.0,2.0,0.0,1.0
2020-02-29,70.0,1.0,7.0,62.0,8.0,1.0,0.0
2020-03-01,76.0,1.0,7.0,68.0,6.0,0.0,0.0
2020-03-02,101.0,6.0,7.0,88.0,25.0,5.0,0.0
2020-03-03,122.0,7.0,8.0,107.0,21.0,1.0,1.0
2020-03-04,153.0,11.0,8.0,134.0,31.0,4.0,0.0
2020-03-05,221.0,12.0,8.0,201.0,68.0,1.0,0.0
2020-03-06,278.0,14.0,8.0,256.0,57.0,2.0,0.0
2020-03-07,417.0,17.0,8.0,392.0,139.0,3.0,0.0
2020-03-08,537.0,21.0,8.0,508.0,120.0,4.0,0.0
2020-03-09,605.0,22.0,8.0,575.0,68.0,1.0,0.0
2020-03-10,959.0,28.0,8.0,923.0,354.0,6.0,0.0
2020-03-11,1281.0,36.0,8.0,1237.0,322.0,8.0,0.0
2020-03-12,1663.0,40.0,12.0,1611.0,382.0,4.0,4.0
2020-03-13,2179.0,47.0,12.0,2120.0,516.0,7.0,0.0
2020-03-14,2726.0,54.0,12.0,2660.0,547.0,7.0,0.0
2020-03-15,3499.0,63.0,12.0,3424.0,773.0,9.0,0.0
2020-03-16,4632.0,85.0,17.0,4530.0,1133.0,22.0,5.0
2020-03-17,6421.0,108.0,17.0,6296.0,1789.0,23.0,0.0
2020-03-18,7786.0,118.0,106.0,7562.0,1365.0,10.0,89.0
2020-03-19,13680.0,200.0,108.0,13372.0,5894.0,82.0,2.0
2020-03-20,19101.0,244.0,147.0,18710.0,5421.0,44.0,39.0
2020-03-21,25514.0,307.0,171.0,25036.0,6413.0,63.0,24.0
2020-03-22,33848.0,427.0,0.0,33421.0,8334.0,120.0,-171.0
2020-03-23,43663.0,552.0,0.0,43111.0,9815.0,125.0,0.0
2020-03-24,53736.0,706.0,348.0,52682.0,10073.0,154.0,348.0
2020-03-25,65778.0,942.0,361.0,64475.0,12042.0,236.0,13.0
2020-03-26,83836.0,1209.0,681.0,81946.0,18058.0,267.0,320.0
2020-03-27,101657.0,1581.0,869.0,99207.0,17821.0,372.0,188.0
2020-03-28,121465.0,2026.0,1072.0,118367.0,19808.0,445.0,203.0
2020-03-29,140909.0,2467.0,2665.0,135777.0,19444.0,441.0,1593.0
2020-03-30,161831.0,2978.0,5644.0,153209.0,20922.0,511.0,2979.0
2020-03-31,188172.0,3873.0,7024.0,177275.0,26341.0,895.0,1380.0
2020-04-01,213372.0,4757.0,8474.0,200141.0,25200.0,884.0,1450.0
2020-04-02,243599.0,5926.0,9001.0,228672.0,30227.0,1169.0,527.0
2020-04-03,275586.0,7087.0,9707.0,258792.0,31987.0,1161.0,706.0
2020-04-04,308853.0,8407.0,14652.0,285794.0,33267.0,1320.0,4945.0
2020-04-05,337072.0,9619.0,17448.0,310005.0,28219.0,1212.0,2796.0
2020-04-06,366667.0,10783.0,19581.0,336303.0,29595.0,1164.0,2133.0
2020-04-07,396223.0,12722.0,21763.0,361738.0,29556.0,1939.0,2182.0
2020-04-08,429052.0,14695.0,23559.0,390798.0,32829.0,1973.0,1796.0
2020-04-09,461437.0,16478.0,25410.0,419549.0,32385.0,1783.0,1851.0
2020-04-10,496535.0,18586.0,28790.0,449159.0,35098.0,2108.0,3380.0
2020-04-11,526396.0,20462.0,31270.0,474664.0,29861.0,1876.0,2480.0
2020-04-12,555313.0,22019.0,32988.0,500306.0,28917.0,1557.0,1718.0
2020-04-13,580619.0,23528.0,43482.0,513609.0,25306.0,1509.0,10494.0
2020-04-14,607670.0,25831.0,47763.0,534076.0,27051.0,2303.0,4281.0
2020-04-15,636350.0,28325.0,52096.0,555929.0,28680.0,2494.0,4333.0
2020-04-16,667801.0,32916.0,54703.0,580182.0,31451.0,4591.0,2607.0
2020-04-17,699706.0,36773.0,58545.0,604388.0,31905.0,3857.0,3842.0
2020-04-18,732197.0,38664.0,64840.0,628693.0,32491.0,1891.0,6295.0
2020-04-19,759086.0,40661.0,70337.0,648088.0,26889.0,1997.0,5497.0
2020-04-20,784326.0,42094.0,72329.0,669903.0,25240.0,1433.0,1992.0
2020-04-21,811865.0,44444.0,75204.0,692217.0,27539.0,2350.0,2875.0
2020-04-22,840220.0,46622.0,77366.0,716232.0,28355.0,2178.0,2162.0
2020-04-23,869170.0,49954.0,80203.0,739013.0,28950.0,3332.0,2837.0
2020-04-24,905333.0,51949.0,99079.0,754305.0,36163.0,1995.0,18876.0
2020-04-25,938154.0,53755.0,100372.0,784027.0,32821.0,1806.0,1293.0
2020-04-26,965783.0,54881.0,106988.0,803914.0,27629.0,1126.0,6616.0
2020-04-27,988197.0,56259.0,111424.0,820514.0,22414.0,1378.0,4436.0
2020-04-28,1012582.0,58355.0,115936.0,838291.0,24385.0,2096.0,4512.0
2020-04-29,1039909.0,60967.0,120720.0,858222.0,27327.0,2612.0,4784.0
2020-04-30,1069424.0,62996.0,153947.0,852481.0,29515.0,2029.0,33227.0
2020-05-01,1103461.0,64943.0,164015.0,874503.0,34037.0,1947.0,10068.0
2020-05-02,1132539.0,66369.0,175382.0,890788.0,29078.0,1426.0,11367.0
2020-05-03,1158040.0,67682.0,180152.0,910206.0,25501.0,1313.0,4770.0
2020-05-04,1180375.0,68922.0,187180.0,924273.0,22335.0,1240.0,7028.0
2020-05-05,1204351.0,71064.0,189791.0,943496.0,23976.0,2142.0,2611.0
2020-05-06,1228603.0,73431.0,189910.0,965262.0,24252.0,2367.0,119.0
2020-05-07,1257023.0,75662.0,195036.0,986325.0,28420.0,2231.0,5126.0
2020-05-08,1283929.0,77180.0,198993.0,1007756.0,26906.0,1518.0,3957.0
2020-05-09,1309550.0,78795.0,212534.0,1018221.0,25621.0,1615.0,13541.0
2020-05-10,1329260.0,79526.0,216169.0,1033565.0,19710.0,731.0,3635.0
2020-05-11,1347881.0,80682.0,232733.0,1034466.0,18621.0,1156.0,16564.0
2020-05-12,1369574.0,82376.0,230287.0,1056911.0,21693.0,1694.0,-2446.0
2020-05-13,1390406.0,84119.0,243430.0,1062857.0,20832.0,1743.0,13143.0
2020-05-14,1417774.0,85898.0,246414.0,1085462.0,27368.0,1779.0,2984.0
2020-05-15,1442824.0,87530.0,250747.0,1104547.0,25050.0,1632.0,4333.0
2020-05-16,1467820.0,88754.0,268376.0,1110690.0,24996.0,1224.0,17629.0
2020-05-17,1486757.0,89562.0,272265.0,1124930.0,18937.0,808.0,3889.0
2020-05-18,1508308.0,90347.0,283178.0,1134783.0,21551.0,785.0,10913.0
2020-05-19,1528568.0,91921.0,289392.0,1147255.0,20260.0,1574.0,6214.0
2020-05-20,1551853.0,93439.0,294312.0,1164102.0,23285.0,1518.0,4920.0
2020-05-21,1577147.0,94702.0,298418.0,1184027.0,25294.0,1263.0,4106.0
2020-05-22,1600937.0,95979.0,350135.0,1154823.0,23790.0,1277.0,51717.0
2020-05-23,1622612.0,97087.0,361239.0,1164286.0,21675.0,1108.0,11104.0
2020-05-24,1643246.0,97720.0,366736.0,1178790.0,20634.0,633.0,5497.0
2020-05-25,1662302.0,98220.0,379157.0,1184925.0,19056.0,500.0,12421.0
2020-05-26,1680913.0,98913.0,384902.0,1197098.0,18611.0,693.0,5745.0
2020-05-27,1699176.0,100418.0,391508.0,1207250.0,18263.0,1505.0,6606.0
2020-05-28,1721753.0,101616.0,399991.0,1220146.0,22577.0,1198.0,8483.0
2020-05-29,1746019.0,102809.0,406446.0,1236764.0,24266.0,1193.0,6455.0
2020-05-30,1770165.0,103776.0,416461.0,1249928.0,24146.0,967.0,10015.0
2020-05-31,1790172.0,104381.0,444758.0,1241033.0,20007.0,605.0,28297.0
2020-06-01,1811020.0,105149.0,458231.0,1247640.0,20848.0,768.0,13473.0
2020-06-02,1831821.0,106180.0,463868.0,1261773.0,20801.0,1031.0,5637.0
