date,confirmed,deaths,recovered,active,new_confirmed,new_deaths,new_recovered
2020-01-23,2.0,0.0,0.0,0.0,,,
2020-01-24,2.0,0.0,0.0,0.0,0.0,0.0,0.0
2020-01-25,2.0,0.0,0.0,0.0,0.0,0.0,0.0
2020-01-26,2.0,0.0,0.0,0.0,0.0,0.0,0.0
2020-01-27,2.0,0.0,0.0,0.0,0.0,0.0,0.0
2020-01-28,2.0,0.0,0.0,0.0,0.0,0.0,0.0
2020-01-29,2.0,0.0,0.0,0.0,0.0,0.0,0.0
2020-01-30,2.0,0.0,0.0,0.0,0.0,0.0,0.0
2020-01-31,2.0,0.0,0.0,0.0,0.0,0.0,0.0
2020-02-01,6.0,0.0,1.0,5.0,4.0,0.0,1.0
2020-02-02,6.0,0.0,1.0,5.0,0.0,0.0,0.0
2020-02-03,8.0,0.0,1.0,7.0,2.0,0.0,0.0
2020-02-04,8.0,0.0,1.0,7.0,0.0,0.0,0.0
2020-02-05,8.0,0.0,1.0,7.0,0.0,0.0,0.0
2020-02-06,10.0,0.0,1.0,9.0,2.0,0.0,0.0
2020-02-07,10.0,0.0,1.0,9.0,0.0,0.0,0.0
2020-02-08,13.0,0.0,1.0,12.0,3.0,0.0,0.0
2020-02-09,13.0,0.0,1.0,12.0,0.0,0.0,0.0
2020-02-10,14.0,0.0,1.0,13.0,1.0,0.0,0.0
2020-02-11,15.0,0.0,6.0,9.0,1.0,0.0,5.0
2020-02-12,15.0,0.0,6.0,9.0,0.0,0.0,0.0
2020-02-13,16.0,0.0,7.0,9.0,1.0,0.0,1.0
2020-02-14,16.0,0.0,7.0,9.0,0.0,0.0,0.0
2020-02-15,16.0,0.0,7.0,9.0,0.0,0.0,0.0
2020-02-16,16.0,0.0,7.0,9.0,0.0,0.0,0.0
2020-02-17,16.0,0.0,7.0,9.0,0.0,0.0,0.0
2020-02-18,16.0,0.0,7.0,9.0,0.0,0.0,0.0
2020-02-19,16.0,0.0,7.0,9.0,0.0,0.0,0.0
2020-02-20,16.0,0.0,7.0,9.0,0.0,0.0,0.0
2020-02-21,16.0,0.0,14.0,2.0,0.0,0.0,7.0
2020-02-22,16.0,0.0,14.0,2.0,0.0,0.0,0.0
2020-02-23,16.0,0.0,14.0,2.0,0.0,0.0,0.0
2020-02-24,16.0,0.0,14.0,2.0,0.0,0.0,0.0
2020-02-25,16.0,0.0,16.0,0.0,0.0,0.0,2.0
2020-02-26,16.0,0.0,16.0,0.0,0.0,0.0,0.0
2020-02-27,16.0,0.0,16.0,0.0,0.0,0.0,0.0
2020-02-28,16.0,0.0,16.0,0.0,0.0,0.0,0.0
2020-02-29,16.0,0.0,16.0,0.0,0.0,0.0,0.0
2020-03-01,16.0,0.0,16.0,0.0,0.0,0.0,0.0
2020-03-02,16.0,0.0,16.0,0.0,0.0,0.0,0.0
2020-03-03,16.0,0.0,16.0,0.0,0.0,0.0,0.0
2020-03-04,16.0,0.0,16.0,0.0,0.0,0.0,0.0
2020-03-05,16.0,0.0,16.0,0.0,0.0,0.0,0.0
2020-03-06,16.0,0.0,16.0,0.0,0.0,0.0,0.0
2020-03-07,18.0,0.0,16.0,2.0,2.0,0.0,0.0
2020-03-08,30.0,0.0,16.0,14.0,12.0,0.0,0.0
2020-03-09,30.0,0.0,16.0,14.0,0.0,0.0,0.0
2020-03-10,31.0,0.0,16.0,15.0,1.0,0.0,0.0
2020-03-11,38.0,0.0,16.0,22.0,7.0,0.0,0.0
2020-03-12,39.0,0.0,16.0,23.0,1.0,0.0,0.0
2020-03-13,47.0,0.0,16.0,31.0,8.0,0.0,0.0
2020-03-14,53.0,0.0,16.0,37.0,6.0,0.0,0.0
2020-03-15,56.0,0.0,16.0,40.0,3.0,0.0,0.0
2020-03-16,61.0,0.0,16.0,45.0,5.0,0.0,0.0
2020-03-17,66.0,0.0,16.0,50.0,5.0,0.0,0.0
2020-03-18,75.0,0.0,16.0,59.0,9.0,0.0,0.0
2020-03-19,85.0,0.0,16.0,69.0,10.0,0.0,0.0
2020-03-20,91.0,0.0,16.0,75.0,6.0,0.0,0.0
2020-03-21,94.0,0.0,17.0,77.0,3.0,0.0,1.0
2020-03-22,113.0,0.0,17.0,96.0,19.0,0.0,0.0
2020-03-23,123.0,0.0,17.0,106.0,10.0,0.0,0.0
2020-03-24,134.0,0.0,17.0,117.0,11.0,0.0,0.0
2020-03-25,141.0,0.0,17.0,124.0,7.0,0.0,0.0
2020-03-26,153.0,0.0,20.0,133.0,12.0,0.0,3.0
2020-03-27,163.0,0.0,20.0,143.0,10.0,0.0,0.0
2020-03-28,174.0,0.0,21.0,153.0,11.0,0.0,1.0
2020-03-29,188.0,0.0,25.0,163.0,14.0,0.0,4.0
2020-03-30,203.0,0.0,55.0,148.0,15.0,0.0,30.0
2020-03-31,212.0,0.0,58.0,154.0,9.0,0.0,3.0
2020-04-01,218.0,0.0,63.0,155.0,6.0,0.0,5.0
2020-04-02,233.0,0.0,75.0,158.0,15.0,0.0,12.0
2020-04-03,237.0,0.0,85.0,152.0,4.0,0.0,10.0
2020-04-04,240.0,0.0,90.0,150.0,3.0,0.0,5.0
2020-04-05,241.0,0.0,90.0,151.0,1.0,0.0,0.0
2020-04-06,245.0,0.0,95.0,150.0,4.0,0.0,5.0
2020-04-07,249.0,0.0,123.0,126.0,4.0,0.0,28.0
2020-04-08,251.0,0.0,126.0,125.0,2.0,0.0,3.0
2020-04-09,255.0,0.0,128.0,127.0,4.0,0.0,2.0
2020-04-10,257.0,0.0,144.0,113.0,2.0,0.0,16.0
2020-04-11,258.0,0.0,144.0,114.0,1.0,0.0,0.0
2020-04-12,262.0,0.0,144.0,118.0,4.0,0.0,0.0
2020-04-13,265.0,0.0,146.0,119.0,3.0,0.0,2.0
2020-04-14,266.0,0.0,169.0,97.0,1.0,0.0,23.0
2020-04-15,267.0,0.0,171.0,96.0,1.0,0.0,2.0
2020-04-16,268.0,0.0,177.0,91.0,1.0,0.0,6.0
2020-04-17,268.0,0.0,198.0,70.0,0.0,0.0,21.0
2020-04-18,268.0,0.0,201.0,67.0,0.0,0.0,3.0
2020-04-19,268.0,0.0,202.0,66.0,0.0,0.0,1.0
2020-04-20,268.0,0.0,214.0,54.0,0.0,0.0,12.0
2020-04-21,268.0,0.0,216.0,52.0,0.0,0.0,2.0
2020-04-22,268.0,0.0,223.0,45.0,0.0,0.0,7.0
2020-04-23,268.0,0.0,224.0,44.0,0.0,0.0,1.0
2020-04-24,270.0,0.0,220.0,50.0,2.0,0.0,-4.0
2020-04-25,270.0,0.0,225.0,45.0,0.0,0.0,5.0
2020-04-26,270.0,0.0,225.0,45.0,0.0,0.0,0.0
2020-04-27,270.0,0.0,225.0,45.0,0.0,0.0,0.0
2020-04-28,270.0,0.0,222.0,48.0,0.0,0.0,-3.0
2020-04-29,270.0,0.0,222.0,48.0,0.0,0.0,0.0
2020-04-30,270.0,0.0,219.0,51.0,0.0,0.0,-3.0
2020-05-01,270.0,0.0,219.0,51.0,0.0,0.0,0.0
2020-05-02,270.0,0.0,219.0,51.0,0.0,0.0,0.0
2020-05-03,271.0,0.0,219.0,52.0,1.0,0.0,0.0
2020-05-04,271.0,0.0,219.0,52.0,0.0,0.0,0.0
2020-05-05,271.0,0.0,232.0,39.0,0.0,0.0,13.0
2020-05-06,271.0,0.0,232.0,39.0,0.0,0.0,0.0
2020-05-07,288.0,0.0,233.0,55.0,17.0,0.0,1.0
2020-05-08,288.0,0.0,241.0,47.0,0.0,0.0,8.0
2020-05-09,288.0,0.0,241.0,47.0,0.0,0.0,0.0
2020-05-10,288.0,0.0,241.0,47.0,0.0,0.0,0.0
2020-05-11,288.0,0.0,249.0,39.0,0.0,0.0,8.0
2020-05-12,288.0,0.0,252.0,36.0,0.0,0.0,3.0
2020-05-13,288.0,0.0,252.0,36.0,0.0,0.0,0.0
2020-05-14,312.0,0.0,260.0,52.0,24.0,0.0,8.0
